49443
44936.6
45320.7
44725.6
45207.5
45500.4
44691.7
44523.8
44513.1
44697.6
45211.9
44974.7
45303.1
45612
44838
44492.8
45904.4
46215.6
46942.2
45154.7
45078.9
44428.1
44408.6
44799.6
45440.4
45286.8
45312.5
45733.8
48436.9
45842.4
46714.3
46927.5
47607.7
45982.4
45604
45644
44942.1
45268.3
45041.8
48181.1
45159
44836.5
45425.2
45319.3
45793.8
46874.1
44920.9
44796.5
44399
44707.2
44470.8
45190.7
44552.3
44566.8
44828
45139.4
45442.2
44578.3
44916.3
44547.5
45096.8
44834
46318.3
44693
44615.1
44689.8
44755.6
44559.4
44730.4
44534.7
44560.6
44808.5
44511.7
44519.4
44538.1
44618.1
44560.4
44410.1
45476.5
45381.6
44761.8
44515.4
44479.3
44423.4
44444
44672
44347.5
74246.6
46171.9
44602.4
44304.6
44265
44290.8
44404.7
44332.2
44282.2
44447.1
44584.2
45067.9
44666.7