63042.9
40412.5
41964.1
41088.3
41928.8
41614.4
40347.7
41530.7
41954.5
40595.9
41189.1
40911
41056.1
41412.1
42901.2
40436.6
42559.3
42709.8
42718.4
41465.4
40339.9
42829.7
41148.1
42488.8
41353.3
42217.9
41901.9
59715.2
46051
41181.5
43018.3
42093.4
43222.6
41217.7
43048.6
41510.7
40950.5
43772
41630.6
42538
43375.1
40659.5
40872.4
41045.1
41254.1
40722.8
42059.1
40361.4
40249.2
40282.9
40354.7
40269.8
40403.8
40237.1
40480.7
41186.3
40995.7
40803.7
41405.2
40453.6
40428.1
40265.3
40346.1
40422.7
40302.8
40288.9
43679.3
40241.2
40281.5
40280
40314.6
40299.4
40294.7
40370.9
40418.9
40167.4
40147.4
40322
40414.1
40637.5
43171.4
41534.3
40726.7
40222
40281
40813.2
40407.1
40254.4
40487
40593.9
41171.9
40322
40134.9
40214.3
40236.4
40125.1
40339.6
41454.8
80271.3
41039.2