65741.2
60500.9
61147.2
60427.4
61748.7
61584.7
61294.4
61347.5
60342.4
60855.9
61121
60893.6
60952.8
60302.8
60165.7
60256.7
61758.8
63349
61047.2
61919
62947.6
60232.3
60177.5
61378.5
61205.5
61356.1
61688.1
61684.3
60872.3
63198.6
61291.1
63071.9
61058.9
60825.8
79963.2
64101.6
60394.8
60688.4
60690.4
61648
60655.7
60966
60566.5
60674.9
60942.9
61654.7
61994.1
60516.3
60694.4
60163.8
60230.9
60138.5
60329.6
60157.6
61359.9
61273
60227.5
60188.9
61119.5
60074
60402.2
61483.7
60660.7
60369.9
60521.6
60397
60522.4
60326.7
60277.4
60272.2
60195.2
60222.4
60211.7
60068.8
60206
60117.5
60219.9
60158.9
60453.3
60138.4
60144.7
60126.2
60136.1
60140.2
60747.7
65131.2
60599.1
88063.5
60211.2
60362.7
60027.2
59870.6
59930.7
59878.5
60810.8
59882.1
60010.9
60108.3
62541.9
61243.5