23282.9
18716.4
19233.6
17881.8
21969.4
18931.3
18018.2
17627.6
19385.4
18953.3
18596.2
18461.5
18283.1
19850
18419.6
19523.4
19794.2
18484.2
21199.2
19083.2
19454.4
17592.8
19342.5
19870.8
19627.7
19573.5
19704.3
20813.5
23172.7
18965.1
17692.4
19434.5
20780
20038.3
20947.4
18829.2
18310.5
19734.3
19616.9
19387.5
19800.7
18321.1
18006.4
18925.9
19289.3
18354.9
18295.6
19382.1
19337.5
18382.1
17506.4
18588.6
19379.4
19354.6
19356.2
19585.7
18977.9
19412.7
19807.3
19416
19366.3
19286.5
19094.1
19364.7
19424.5
19142.3
19042.7
19329.1
18463.4
19301
17733.8
17921.8
17569.9
17523.1
18490.6
18838.1
19369.4
19361
18574.9
19399.7
19628.7
19557.9
17874.1
17576.6
17596.5
17975.6
19312.5
17700.1
19631.8
19694.5
19380.2
18788.5
18280.8
17983.9
18524.3
19332.7
17960.3
18178.9
18833.1
18459.1